638
284
-889
-666
470
240
-956
-304
761
-502
105
-357
-419
-905
967
-909
-965
297
-825
868
979
239
793
-79
-847
-275
-220
-692
-748
-244
478
-750
-855
782
-115
928
-765
436
198
-23
16
47
-282
935
-796
-694
925
953
-41
951
937
-2
-971
-693
46
370
520
-929
-478
-551
-311
343
-180
878
50
51
698
-78
962
-54
461
499
-596
-719
647
-331
-412
-284
-589
145
458
249
-719
598
-783
556
508
518
-305
-684
749
-160
-967
853
65
428
710
845
780
-678
-380
-401
-741
-686
-768
941
166
-939
-382
403
-812
687
862
823
143
-738
501
-755
-353
800
737
-361
112
-798
646
123
574
-894
68
-751
496
-877
819
-477
-60
277
99
110
-124
921
-246
-761
-322
253
240
-104
-922
744
-843
-383
-202
89
-369
231
-349
282
703
-275
567
92
-592
-948
441
-396
494
73
-464
960
-271
-964
-978
-654
-273
-292
-126
576
-724
-902
597
-74
655
630
-711
95
891
718
575
427
10
865
403
-33
866
78
355
607
801
-688
-329
327
663
-582
5
-244
-162
-382
969
-516
10
585
-393
-722
-910
182
-362
778
306
939
-360
177
871
970
651
987
-891
94
-582
-890
302
-929
-794
-677
380
-951
-427
-474
800
635
-70
-335
768
615
-25
-772
-51
-801
856
891
726
-21
433
676
-256
38
-529
961
-418
-153
-272
401
-619
-713
-911
-627
145
198
165
-139
-985
945
299
-226
572
-238
66
67
629
755
-275
-623
-410
73
768
-909
814
-723
-726
-916
52
-645
-55
-936
-75
261
262
-949
-46
-953
-871
784
-523
-511
578
-453
-502
876
672
451
-52
-386
291
-423
686
839
-561
-976
321
-240
807
-157
-110
549
-89
-372
-135
-259
-385
-740
779
-904
-652
-814
-732
366
295
134
-22
-61
652
-304
-781
947
-146
-15
-620
-911
654
647
399
-506
-791
-972
-294
587
731
651
-446
277
-366
288
-986
-608
580
-500
-507
-997
-316
616
-32
62
-382
859
-42
291
-612
254
-61
275
-432
-953
556
-326
-281
-275
-543
627
291
563
-355
803
302
783
-554
935
846
-306
249
616
402
228
-973
113
184
506
-236
22
729
-189
-172
801
-174
86
476
-419
-281
885
-44
266
754
-390
-296
-749
924
286
727
916
400
-424
-272
-692
-850
401
369
387
-739
-685
-272
-866
559
-1
508
923
-594
635
582
939
-258
-509
589
117
-895
-39
760
565
206
399
-132
-984
279
-134
381
-908
-609
-727
-853
-167
669
589
287
808
-266
140
601
574
946
474
-909
-517
-382
-390
-668
-21
-258
889
-389
-192
-745
762
181
978
294
-565
25
-975
-522
-127
-972
430
122
-118
488
-991
19
-820
961
-62
239
-463
504
-966
-69
-900
-591
799
-523
147
-412
693
447
-430
972
-463
-736
-139
21
-410
-488
824
699
919
752
-390
-947
122
-902
-797
5
-647
924
-345
396
4
-99
-646
-879
173
-193
-267
-846
-735
617
115
-790
559
421
-827
-52
-753
-424
684
-944
-528
-926
-544
108
-210
29
934
-722
432
365
816
-110
-920
662
-687
896
-134
-350
954
574
808
-718
467
-929
140
113
188
195
-502
-594
-120
385
232
-466
563
-641
-856
-53
388
288
-314
-719
-316
200
552
183
-8
332
624
-933
432
-51
-228
801
488
693
506
-323
-145
-288
449
-29
944
-375
95
856
-657
575
-211
420
-363
691
-300
-664
100
20
-391
801
200
525
-494
573
787
109
167
-427
87
991
841
-776
205
30
664
-980
493
136
-819
-4
-181
730
634
730
-888
-50
267
-693
541
369
67
-410
-219
-454
759
-231
844
131
-558
-725
510
218
-499
261
591
980
-623
-672
-447
34
922
-166
772
1000
877
16
26
26
525
553
-592
-106
514
562
243
-502
272
-479
-520
-497
366
649
-250
-23
494
479
-264
514
-640
656
288
127
635
-768
-35
-913
-722
-718
289
-164
-428
27
-20
625
-599
-956
14
296
649
-818
-988
-603
410
-747
93
-841
765
-501
-388
-980
-473
-532
-340
574
-734
177
-707
-376
-221
48
-750
-150
338
-414
-392
89
-453
530
-129
-18
833
736
-242
104
35
393
-900
-543
-58
567
-27
257
674
63
-511
-43
-248
-656
-215
-218
599
534
-456
-261
727
-8
-307
732
-292
-275
-637
-176
-701
-77
-834
-875
-259
566
-435
-278
731
-606
-443
39
247
-754
-876
-761
425
-87
943
493
404
498
-310
-189
680
686
-96
-659
-714
698
-755
212
-232
-267
-91
327
-340
-947
-246
-445
528
582
282
732
-477
880
374
876
-17
-727
896
-776
898
-460
-735
-270
843
184
-296
-506
300
116
-164
890
385
-332
605
-17
-583
248
177
952
-37
950
590
309
-936
663
-358
-937
405
-416
714
-231
-433
-972
149
-367
-446
-947
-366
759
804
34
-439
-883
506
-257
129
-563
263
-835
-678
-416
144
-211
182
-591
581
286
609
274
462
-720
-715
523
-188
-228
-874
705
243
315
881
689
-704
-47
738
505
726
149
-271
-651
61
811
337
-182
-465
782
-533
-815
564
-376
739
859
403
883
-975
235
857
715
216
-394
-372
803
-719
514
-948
-87
6
281
-80
189
-372
869
-221
401
758
306
-830
-150
-470
-996
-322
-792
-873
907
-278
568
458
-75
-833
-447
-417
-823
20
682
292
-238
-914
132
-376
-224
-115
236
-116
-572
724
-679
-86
-640
-69
-644
-736
837
-128
-510
-746
36
376
-343
-824
-598
926
-215
335
630
-205
-172
-949
-416
-759
-557
-84
630
784
927
-914
789
-132
-664
467
-778
16
334
912
103
920
788
-268
-495
191
-266
721
-251
959
-910
619
-85
-815
327
351
148
961
855
91
979
930
-477
-940
-716
-821
606
-41
733
-385
-3
-351
-925
-228
-176
-841
-619
349
249
-429
-554
956
839
245
845
-153
-13
-990
253
-471
-401
528
-229
606
434
449
813
-239
27
111
-291
-24
690
604
-336
139
-855
-656
-394
459
-478
843
-791
-683
953
367
-834
624
762
-239
-798
121
926